0002
0006
0007
0009
0010
0011
0012
0013
0015
0016
0017
0018
0019
0021
0022
0024
0025
0026
0027
0028
0029
0030
0031
0032
0033
0034
0037
0039
0041
0042
0043
0044
0045
0046
0047
0048
0049
0051
0052
0053
0055
0056
0057
0058
0059
0060
0061
0062
0063
0064
0065
0066
0067
0068
0069
0070
0071
0073
0074
0076
0077
0078
0079
0080
0081
0082
0083
0084
0085
0086
0087
0088
0090
0091
0092
0093
0094
0095
0096
0098
0099
0101
0104
0105
0106
0108
0109
0110
0111
0112
0113
0114
0115
0116
0117
0118
0119
0120
0121
0122
0124
0125
0126
0128
0129
0130
0131
0132
0133
0135
0136
0137
0138
0140
0141
0142
0143
0144
0145
0146
0147
0148
0152
0154
0155
0156
0157
0158
0159
0160
0161
0162
0163
0164
0165
0167
0168
0169
0170
0171
0172
0175
0176
0177
0178
0179
0180
0181
0182
0183
0184
0185
0186
0187
0188
0189
0190
0192
0193
0194
0195
0198
0199
0200
0201
0202
0203
0204
0205
0206
0207
0208
0210
0211
0212
0214
0215
0216
0217
0218
0219
0221
0222
0223
0224
0225
0226
0228
0229
0230
0232
0233
0234
0235
0236
0237
0238
0239
0240
0241
0242
0243
0247
0248
0250
0251
0252
0253
0255
0256
0257
0258
0259
0260
0261
0262
0263
0264
0266
0267
0268
0269
0270
0271
0272
0273
0274
0275
0276
0277
0278
0279
0280
0282
0283
0284
0286
0287
0288
0289
0290
0291
0293
0294
0295
0296
0297
0298
0299
0300
0301
0302
0303
0304
0305
0307
0308
0311
0312
0313
0314
0316
0317
0318
0319
0321
0322
0324
0326
0327
0328
0329
0330
0331
0332
0336
0337
0338
0339
0340
0341
0342
0344
0345
0346
0347
0348
0349
0351
0352
0353
0354
0355
0356
0357
0358
0359
0360
0361
0362
0363
0364
0365
0366
0367
0368
0369
0372
0374
0375
0376
0377
0378
0379
0383
0385
0386
0388
0389
0390
0391
0393
0395
0396
0397
0398
0399
0400
0401
0402
0403
0405
0407
0408
0409
0410
0411
0412
0413
0414
0415
0416
0418
0420
0422
0423
0424
0425
0426
0430
0431
0432
0433
0434
0435
0436
0437
0438
0439
0440
0443
0444
0445
0446
0447
0448
0449
0451
0452
0453
0454
0455
0459
0460
0461
0462
0464
0465
0466
0468
0469
0471
0472
0475
0477
0478
0479
0480
0481
0482
0484
0486
0488
0489
0490
0491
0492
0494
0495
0496
0497
0498
0499
0500
0501
0502
0503
0504
0505
0507
0508
0510
0511
0512
0513
0514
0515
0516
0517
0519
0520
0521
0522
0524
0525
